1
0.9769
0.9086
0.7997
0.6557
0.4851
0.2973
0.1022
-0.0906
-0.2728
-0.4379
-0.5819
-0.7027
-0.8004
-0.8764
-0.9324
-0.9706
-0.9928
-1
-0.9928
-0.9706
-0.9324
-0.8764
-0.8004
-0.7027
-0.5819
-0.4379
-0.2728
0.0906
0.1022
0.2973
0.4851
0.6557
0.7997
0.9086
0.9769
1
0.9769
0.9086
0.7997
0.6557
0.4851
0.2973
0.1022
-0.0906
-0.2728
-0.4379
-0.5819
-0.7027
-0.8004
-0.8764
-0.9324
-0.9706
-0.9928
-1
-0.9928
-0.9706
-0.9324
-0.8764
-0.8004
-0.7027
-0.5819
-0.4379
-0.2728
0.0906
0.1022
0.2973
0.4851
0.6557
0.7997
0.9086
0.9769
1
